Time ContentExtractor Boilerpipe Goose Readability
0 0 0 0
0.407144069672 0.69246506691 1.05683588982 0.456192016602
0.00270390510559 0.479171037674 0.293933868408 0.265397071838
0.0029559135437 0.500638961792 0.98567700386 0.395554065704
0.00304889678955 0.500478029251 0.3012611866 0.320998191833
0.00308179855347 0.510708093643 0.299550056458 0.41261100769
0.00288486480713 0.442265033722 0.295279979706 0.544610977173
0.00318884849548 0.50168299675 1.99812912941 0.48534822464
0.00325012207031 0.516517877579 3.80247712135 0.969194173813
0.00305199623108 0.486848831177 1.1512157917 0.445791959763
0.00294017791748 0.478530883789 7.990432024 0.915623903275
0.00317811965942 0.507065057755 3.67748498917 0.633284807205
0.00345802307129 0.544009923935 10.2369039059 1.06971597672
0.00281190872192 0.441893100739 0.295745849609 0.297113895416
0.00298309326172 0.472569942474 3.33504700661 0.360000133514
0.00276780128479 0.439572095871 0.295438051224 0.267379999161
0.00324702262878 0.501206874847 0.302179098129 0.364379882812
0.00324082374573 0.533863067627 0.912210941315 0.86491894722
0.00305199623108 0.466629981995 2.80181407928 0.564229011536
0.00289797782898 0.455199956894 0.302900075912 0.528789997101
0.00302004814148 0.465569019318 0.826092004776 0.519242048264
0.00351285934448 0.466866970062 0.820780992508 0.52151799202
0.00300812721252 0.462630033493 0.82562994957 0.451501131058
0.00291800498962 0.435120105743 0.291898965836 0.319854021072
0.00297117233276 0.46835899353 37.3198070526 0.466922998428
0.00314998626709 0.504616975784 1.68549489975 1.42457699776
0.00344395637512 0.584422111511 4.90848588943 0.679426908493
0.00285506248474 0.438510894775 0.817457914352 0.292073965073
0.0032958984375 0.586895942688 5.14738297462 0.376852989197
0.00298094749451 0.477403879166 1.02990698814 0.405872821808
0.00333404541016 0.518105983734 2.4395699501 0.947438955307
0.00295305252075 0.451443910599 0.300330162048 0.318843126297
0.00287890434265 0.457797050476 2.08546686172 0.599693059921
0.00294589996338 0.461179018021 36.9881989956 0.46338891983
0.0028669834137 0.442483901978 0.300693035126 0.326365947723
0.00290393829346 0.445624113083 0.829112052917 0.350598096848
0.00299787521362 0.454601049423 0.828619003296 0.362903118134
0.0029399394989 0.442103147507 1.14732384682 0.558748006821
0.00390791893005 0.568449020386 0.313889026642 0.563601016998
0.00297689437866 0.461957931519 0.846163034439 0.397083997726
0.00288987159729 0.454998970032 0.340506076813 0.290491819382
0.00324296951294 0.51346206665 0.728229999542 0.451866865158
0.00317406654358 0.499954938889 0.314656972885 0.822666883469
0.00291895866394 0.453953027725 0.831796884537 0.450907945633
0.00306606292725 0.477624893188 7.61959004402 0.584275960922
0.00298190116882 0.442934989929 4.37944793701 0.361196994781
0.00309586524963 0.466153144836 2.29929614067 0.600041151047
0.00330686569214 0.506581068039 4.47946619987 1.17725396156
0.0029571056366 0.447918891907 1.51765489578 0.337113142014
0.00311684608459 0.493240118027 1.89855384827 0.504432916641
0.00309586524963 0.48166513443 0.302510023117 0.35241484642
0.00291299819946 0.442379951477 1.04328107834 0.345515012741
0.00368499755859 0.519362926483 1.48718214035 1.6711628437
0.00353097915649 0.565430164337 3.54830813408 0.683485984802
0.00345706939697 0.53666305542 2.00638413429 0.534424066544
0.00343084335327 0.500559806824 0.314093112946 0.830017805099
0.00324201583862 0.491595029831 1.53452706337 0.466748952866
0.00283193588257 0.432343006134 1.14569401741 0.290225028992
0.00298810005188 0.464767932892 1.0458920002 0.508790969849
0.00279307365417 0.422978878021 0.295401096344 0.268971920013
0.00307989120483 0.463185071945 2.23993301392 0.457452058792
0.00305986404419 0.46289896965 2.08922600746 0.477707862854
0.00332903862 0.52542090416 7.47348618507 0.501768827438
0.00341105461121 0.547177791595 2.13806700706 0.330492973328
0.00329494476318 0.531038045883 1.05465507507 0.599507808685
0.00331687927246 0.505151987076 0.312796115875 0.490943908691
0.00295996665955 0.447789907455 0.885448932648 0.416120052338
0.00309705734253 0.475045919418 10.8480591774 0.691709041595
0.00310277938843 0.47588801384 0.304903030396 0.32266497612
0.0030779838562 0.495867967606 0.314466953278 0.42573404312
